-6.123381394239594933e+00
1.304709677006877788e+00
2.172782638005154254e+00
4.419122330359766870e+00
-9.854752001403175310e-01
-5.203975468475566579e+00
2.589742207087630366e+00
-4.723381789068454295e-01
-8.072943528316544048e-01
2.984441886368395025e+00
4.935747073283353714e+00
-4.486245271217051744e+00
-5.613745869097192198e+00
9.451225517620100547e+00
-5.951564171697087957e-01
2.306429440547829834e+00
-2.527874386663772288e+00
-1.025116097909537061e+00
1.002825690916927748e+00
-8.389964206332296559e-01
-2.165325207489528780e-01
3.297471340168469212e+00
4.829912781416583201e-01
-5.660282562175576793e+00
1.436325453288707976e+00
-2.228494294797301212e+00
6.269809204716279005e+00
-1.157041998762504686e+00
-1.407602010406981075e+00
-1.510026559013767811e+00
2.584961603810977948e-01
-7.113148845438713508e+00
-1.252116396581281599e+00
-6.022879286606486193e-01
3.017818269432509304e+00
4.445263369453815727e+00
-5.505508128589571282e-01
1.789666131495897483e+00
-1.951447535430228086e+00
4.043090589980829819e+00
-3.263652120321025141e+00
-2.587206976078086029e+00
1.724704170145807236e+00
-1.999546704186619728e+00
6.174969694337305803e+00
7.596905517900165439e-01
2.287435178722353246e+00
5.093094876832814144e+00
-5.137385287873128092e+00
-5.814679535645802311e+00
-3.687830513334831029e+00
-1.474515751631710003e+00
-1.430479994182898285e+00
-2.944199074356744994e+00
4.514409098951682964e+00
-6.963678392169464715e+00
2.045999602255872130e-01
1.996366883458583930e+00
-2.862426169384701957e+00
-4.903610561970242365e+00
2.053555934795723292e+00
-5.310910830193434684e+00
-3.953990211233272767e+00
3.255644876047081304e+00
7.757909169207415800e+00
-3.937785642361028016e-01
-1.798754062086261873e+00
-4.877297629524131040e+00
-4.622553435549163758e+00
-3.862748049075036771e+00
1.217378951191683267e+00
6.046470954053717595e-01
-1.004274672423410175e+00
3.714939987786031850e+00
2.282340752451761379e+00
-1.619762188056011354e+00
-7.537031524379543823e-01
-2.110929739479440403e+00
-4.076077264533017330e-01
6.542737206638262748e+00
3.788615713350283354e+00
-3.203986619713293571e+00
2.931845302883212767e+00
7.018139921587681407e+00
-1.895619789794237953e+00
-1.138095608200015318e+00
3.881369447578257414e+00
-1.572270122200434717e+00
4.168969439224965434e-01
-1.425338503668060586e+00
3.737120950368919559e+00
-3.415951770980526270e+00
-4.496090819544244610e+00
2.394249104990509469e+00
-2.988047998996600785e-01
-6.796268121315651278e+00
2.871638655677003715e+00
6.152005214511128139e-01
-4.630119164422314526e+00
6.611670202720060452e+00
-3.053521142175516179e+00
1.704670593923952815e+00
1.219160755303776877e+00
5.498066976797574057e+00
-1.961883941751901839e+00
3.327417869775063153e+00
1.032533169001404794e+00
-5.455818248734344955e+00
-6.524100439574309629e-01
9.398363498764602530e-01
-4.534915824861265321e+00
4.976650442199985314e+00
-6.046137034106485508e+00
6.047324394697088046e+00
-1.924700025686779226e+00
-1.473489444483918609e+00
-8.166249230177187457e-02
1.157377770631622171e+00
5.066578052543543542e+00
-6.159608500789031105e+00
-6.458778717514731538e-01
1.518818871238774015e+00
-1.260396032625240581e+00
-1.005461301641076943e+00
3.701801326566360184e-01
-1.391899776047645476e+00
3.987404484393725301e+00
-3.900021042219787404e+00
-4.984283464636907190e-02
1.829135253979054632e+00
1.685542099419164774e+00
-2.702496563159300091e+00
2.340264712618399301e+00
4.457849117806601313e+00
-1.204027198265530618e+00
1.378712422870783882e+00
2.788781244810267790e+00
1.776660856715816861e+00
9.554694041147003603e+00
-5.208635752314153322e+00
6.256890660917964198e+00
9.851736908280670502e-01
9.672898161001719508e-01
3.103311129741429530e-01
-5.627497367938682160e+00
-2.308533532705808522e+00
-4.713799068780733847e+00
2.470424655864414287e+00
3.105309764220282709e+00
-1.713659671428541253e+00
1.600753585016338576e+00
-3.255871459269877199e+00
2.464820019841981846e+00
1.210421989372679197e-01
7.424299180072071458e-01
3.911729809251108386e-02
1.785690414162934836e+00
1.853029252559245998e+00
2.452631723081913240e+00
4.622006383172363009e+00
1.499833906501418790e+00
7.558327415676585614e-01
1.405945755256135410e+00
6.541677950441460165e-01
4.944703036216160363e+00
-4.517456168007839779e+00
1.713745396078414363e+00
-9.148579371276925887e-01
-5.181031382401807273e-01
1.057683561001633965e+00
-2.477676607767234529e+00
1.875175933152030794e+00
-1.706542371411667869e+00
-2.282775141882019132e-01
5.414488108266262145e+00
1.909283362647954618e+00
-4.706951129563171632e-01
2.890670148133613448e+00
-1.764575286509329155e+00
3.202861883692680767e+00
-1.086114068794975795e-02
5.367826256807696872e+00
5.399790340619381901e+00
3.593568412715395066e+00
3.153095112815658574e+00
5.766630336375269117e+00
-3.957842897194989717e-01
8.746418708621688243e-01
-1.008677071731177710e+00
2.037415628302783333e+00
-4.724027472772058367e+00
-2.533911303429728257e+00
-3.402375501792149315e+00
-5.574459626674364898e+00
-5.532860632932752765e+00
8.701015342188192392e+00
6.119003554676627488e-01
1.533406404859836369e+00
-3.377592245853519692e+00
-2.135896214439599206e+00
8.566714956433941097e+00
1.374970670702639008e+00
-2.439582311811055726e-01
6.663000605739708426e-01
-1.915195751734311225e+00
-1.041893149403363195e+00
-2.593721325305875069e+00
-1.710759191972829329e+00
-3.418134145383185940e-01
3.416484817009756370e+00
-6.736259923378281611e-01
-1.772765077426746716e+00
1.885781744572940122e+00
7.000733444018690799e-01
-1.729502700088343392e+00
-5.060477719060942903e-01
-6.017943914189917365e+00
2.874820131415396940e+00
1.996246064191041558e+00
5.154259588746750609e+00
-6.797457510141384773e-01
-3.462308029107940222e+00
6.295066958498837018e+00
-2.888739937027245741e+00
1.232375146911182107e+00
2.192583815986311538e-02
3.109576910839033648e+00
4.166667316863408743e+00
2.282007434513730004e+00
-2.724598658297137543e+00
7.415946903268429979e-01
-5.030999530769722838e+00
-2.885533900621797709e+00
3.920212530513235372e+00
-1.702227343380911861e+00
2.173342380498439752e-01
-3.767165130761981562e+00
5.235793898176653194e+00
5.652090333748151174e+00
6.436478559464230642e+00
-9.286479260816649095e-02
4.562381013281969766e-01
-3.408100453237361105e+00
1.952779345036132153e+00
-9.841415790943066622e-01
-6.695336059153109254e+00
-7.622876448909135405e+00
1.671956770202780440e+00
3.455744149354078032e-01
-1.419012557607080893e+00
-2.315246687982051021e-01
3.703208699097493728e+00
4.205445619685773906e+00
3.309338415589948124e+00
-2.789594314151441434e+00
-2.391656700264861879e+00
-2.992783191436083179e+00
-3.245630476533182929e+00
-1.690383215033855580e+00
3.530656858104685547e+00
-8.959233201579909212e-01
2.581020333475323003e+00
-1.581131691322193333e+00
-2.270456296139865326e+00
-9.754042149721681154e-01
